n = [0:1023];
x = [ 41.000000 527.121338 483.298035 704.599670 453.123901 1081.009888 903.451355 824.708435 1485.119019 1036.108276 1336.197876 786.012268 952.284973 1522.862183 1673.705322 1214.891113 1711.610840 1637.167236 1509.969849 1092.528809 989.447327 1184.412354 1453.184326 663.585754 756.488586 786.801331 772.455200 1018.390076 972.540466 1104.821289 629.114075 854.253784 873.016296 615.106262 934.147156 943.671204 684.111816 313.796753 64.943367 945.655151 756.920166 898.611328 437.487976 492.199768 894.291748 953.211121 479.315735 1121.883301 711.122681 1419.185303 1152.178345 1321.177612 1408.241577 1576.425903 939.797119 1838.446533 1771.504272 1849.152100 1674.635864 2000.276367 1569.479980 1333.747559 1498.681274 2192.991699 1653.500854 1447.145874 1399.979370 2293.168945 1586.994263 1943.843262 1706.206055 2032.667603 2083.898926 1885.646973 1458.723389 1394.992188 1997.357178 1019.747925 1263.105835 1384.370117 1396.463867 1347.279785 749.666626 1582.417358 1348.255981 1407.827881 1515.689087 904.298462 1442.010742 802.071289 1451.611938 941.649719 1155.085938 890.708191 1143.193115 1167.111572 796.934998 825.043274 1706.734131 1383.233887 1748.708374 1067.276611 1683.022949 1742.011597 1859.300415 2160.954834 2264.062256 1660.745850 2051.177490 1820.590332 1514.290039 2250.665771 2460.199219 1636.472046 1861.172485 2427.100098 2352.168701 2149.407715 1665.961792 2045.088379 2480.154297 1755.629883 1586.082397 2002.166748 1662.616821 2014.233154 1841.872192 1705.432373 1108.841553 1057.042480 1275.978760 1039.581055 1755.752686 1477.356445 1675.201416 1102.031006 709.511597 759.222900 1559.649048 874.171448 976.062805 802.483582 1254.479126 909.979370 1483.799683 1476.644043 782.108765 1389.689697 878.788696 1297.723633 1193.738037 1753.012695 1365.678223 960.827637 1398.530640 1197.847290 2014.842163 1727.598389 1963.232056 1919.904541 1700.835938 1697.316650 1971.717773 1915.501099 1942.226807 1901.560181 1994.277100 1457.266846 2005.534180 1711.199341 1637.496094 2126.768311 1643.464966 1239.133057 1768.410278 2116.014404 1376.733154 1166.412720 1571.944214 1314.250977 1058.274658 1446.960815 703.245178 1584.039307 917.216980 1379.601318 1310.952148 1155.954956 440.210297 765.225159 997.405090 1133.048340 867.341248 701.355652 1035.047852 676.259094 572.718262 914.045837 1126.759521 879.282043 712.949036 1075.019897 1434.688354 1006.095093 1208.340210 929.497070 1245.626343 1323.789917 1629.065186 1177.558838 1170.420532 1993.855469 1873.136230 1643.614502 2067.729736 1782.018555 1316.121094 1593.787109 1215.878906 1444.374146 1590.366089 1658.061890 1324.779785 1494.944458 1397.080078 1080.803345 1295.813477 1403.882324 1289.842041 1442.573608 1383.992676 800.036377 1038.649170 1182.768433 1325.310791 415.158112 683.144226 781.042480 658.554321 381.298492 102.801857 202.491547 203.688522 651.602722 974.329956 215.850525 842.029419 934.618469 235.259979 634.492188 362.756195 856.404297 524.709900 367.878174 700.058289 1077.355957 851.847046 1460.591431 1497.646973 1106.083862 1598.998535 935.527222 1684.858887 1324.247559 1809.023315 1949.602417 1321.496338 1662.318726 1052.791382 1740.748413 1598.138550 1482.026367 1881.590698 1357.122437 1031.019897 1625.782837 1479.005005 1341.365112 1764.616699 1569.576782 1513.113647 1284.133545 938.567200 1271.355957 673.437195 784.730774 1323.124756 851.462280 390.528687 469.039825 222.631256 530.848633 706.139587 839.846741 925.202820 1008.326904 283.222778 289.778687 860.769104 370.858063 1196.604126 584.467041 704.815857 1059.938110 861.051147 1066.312866 1018.835388 1188.697510 1157.958984 1294.674438 972.907715 963.745728 1679.312134 1788.780518 1213.386963 1547.441040 1439.336548 2180.560547 1906.700806 1771.452026 1792.620483 1689.126953 2112.007812 2190.414062 1427.609497 1380.967041 1470.961914 1535.165405 1354.236328 1137.910278 1461.989258 1210.329224 1331.827515 1541.408691 872.011414 1410.573730 952.018982 1267.242188 1350.096436 777.379639 797.823059 788.080017 585.715942 446.199982 1313.897949 1196.066528 1232.849731 1338.276489 741.259888 1187.599121 784.981873 1070.989136 1201.101562 1584.707153 1167.110474 886.542908 983.174194 1078.125122 1065.480225 1170.302124 1608.644897 1574.568726 1370.153687 1724.514038 1356.810547 2014.264038 1688.166504 1874.891846 1730.905396 1524.771606 1667.160767 2030.853760 2293.745605 2176.846680 1708.282593 1820.292725 1958.225708 2449.534912 1580.771362 1373.575317 2088.666504 2161.833740 2149.922852 1533.823486 1281.456299 1650.758789 1419.671387 1320.123047 1159.017334 1600.218994 1057.540771 1557.731079 1018.463074 777.324097 1434.807129 636.303040 1063.095215 848.354858 1094.138306 763.386475 1368.925659 876.470032 1432.625977 1374.897827 927.695557 1773.343506 953.090454 1382.120972 1152.567749 1648.524170 1887.058594 1244.227905 1705.091797 1887.726562 1860.239868 2290.782959 1424.564209 2394.860840 1533.029785 1678.517090 2503.866455 1947.726440 2034.854858 2109.123047 2234.517822 1530.141479 1969.210205 1593.051025 1615.096680 1617.879517 1361.022705 2145.231934 1358.283936 1477.015259 1448.309692 1932.084595 1174.277710 989.832703 1015.685181 1517.748413 1343.899902 1327.967896 1416.719238 1152.847900 724.964111 948.585754 521.130310 1039.908691 1037.120361 939.850830 1329.069946 467.632507 909.280579 1053.647339 1044.262451 717.559387 833.883728 966.503357 1242.619141 1188.377197 1495.881470 1178.207764 787.416870 1256.569458 966.739990 1043.030273 1753.583618 1061.597046 1053.333984 1975.135376 1070.428833 1834.738403 1224.690796 1379.021484 1640.578857 1252.325928 1060.341797 1731.819580 1112.064331 1011.487915 1728.603271 863.016602 1265.418091 1144.571777 1136.304443 973.492554 1060.049561 961.912170 907.026184 1104.332642 531.753235 555.176941 892.446533 882.345886 0.588435 398.806366 516.541138 -6.764424 -99.772987 185.742462 -59.104824 -77.316986 -133.011505 -213.419357 -281.881500 20.156246 724.150024 514.466187 215.390671 373.140015 26.873037 439.703583 748.713806 944.968201 239.527512 868.462891 1104.869995 1038.882812 886.686279 1088.528809 1166.733887 1010.709656 1265.958618 891.084656 683.798950 1310.924805 763.400146 470.278229 269.727417 630.028198 450.569397 843.842102 374.432526 294.013123 374.332550 -65.795395 -151.504196 553.112610 384.987732 354.066254 -103.708649 -217.409668 286.860596 -404.043732 -437.324615 -346.252045 -851.174927 -299.530975 -189.854889 -718.785461 -999.071045 -758.572937 -281.267914 -614.248169 -540.720032 -868.000854 -413.514038 -661.782959 -457.422760 -592.131165 -584.677979 -597.893677 49.343613 -413.879242 189.503708 -634.448486 -5.669503 -444.071838 203.467163 217.118332 149.113281 -377.244080 29.432961 -246.376877 -135.094986 224.963547 213.594574 573.708069 -94.670547 431.599304 -386.228851 479.207764 68.375748 140.838455 27.247593 274.333466 -310.106049 -458.217377 -372.104156 9.159342 -416.485657 -609.096619 -245.743790 -596.524170 -1223.575195 -510.087433 -715.316956 -504.596558 -1247.345459 -1379.078491 -791.412842 -1033.074341 -826.901184 -1390.846436 -1099.979126 -714.482605 -1281.652100 -616.890381 -808.701538 -488.683502 -1154.518921 -540.965149 -410.842712 -799.022949 -863.415039 -380.952362 -818.578369 -218.232468 -246.835968 -320.278198 -226.403183 261.003052 -523.775696 25.624750 330.658813 -65.120979 277.942932 -280.381866 -181.214249 37.442261 233.699463 206.782806 -523.972046 -237.124252 -145.134460 71.627083 -422.128967 -234.621811 -187.012131 -572.414856 -789.912476 -457.568756 -1148.442871 -932.603821 -417.143982 -1292.193115 -585.931396 -824.601746 -1455.521240 -584.091431 -1441.807373 -877.265198 -1395.168213 -744.331421 -1525.684448 -1069.272461 -852.255493 -1408.906372 -965.606384 -813.839600 -387.185822 -1168.311646 -905.960876 -882.942871 -480.120789 -332.398621 -956.707581 -663.992126 -509.195923 -28.247522 -536.046631 -60.450565 -365.261383 -386.213959 -36.964863 350.917358 306.960724 165.796890 -143.833450 592.923401 133.036240 120.589386 114.781380 